version https://git-lfs.github.com/spec/v1
oid sha256:52dff069838c30c09aaaa584f8d91a4d603f1266a4b6a44de7acdb1c7f2a2f1d
size 630422
